<<<<<<< HEAD
[0, 0, 0, 0, 0, 0, 0, 0, 0],
[1, 2, 0, 0, 0, 0, 0, 8, 4],
[0, 3, 0, 0, 0, 0, 0, 7, 0],
[0, 0, 4, 0, 0, 0, 6, 0, 0],
[0, 0, 0, 2, 0, 3, 0, 0, 0],
[0, 0, 5, 0, 0, 0, 9, 0, 0],
[0, 0, 6, 0, 9, 0, 5, 0, 0],
[0, 7, 0, 0, 0, 0, 0, 0, 0],
[0, 0, 0, 0, 5, 0, 0, 0, 0]
=======
    [0, 0, 0, 0, 0, 0, 0, 0, 0],
    [1, 2, 0, 0, 0, 0, 0, 8, 4],
    [0, 3, 0, 0, 0, 0, 0, 7, 0],
    [0, 0, 4, 0, 0, 0, 6, 0, 0],
    [0, 0, 0, 2, 0, 3, 0, 0, 0],
    [0, 0, 5, 0, 0, 0, 9, 0, 0],
    [0, 0, 6, 0, 9, 0, 5, 0, 0],
    [0, 7, 0, 0, 0, 0, 0, 0, 0],
    [0, 0, 0, 0, 5, 0, 0, 0, 0]
>>>>>>> 3a1083a342ca3d46e0b74e11057bb3659bb2e704
